2021 1 1 2 288
2021 1 1 3 370
2021 1 1 3 76
2021 1 1 5 235
2021 1 2 1 83
2021 1 2 3 449
2021 1 2 3 417
2021 1 2 3 190
2021 1 3 1 143
2021 1 3 1 458
2021 1 3 3 109
2021 1 3 4 246
2021 1 4 3 469
2021 1 4 4 275
2021 1 4 6 222
2021 1 5 6 408
2021 1 5 6 481
2021 1 7 1 342
2021 1 7 3 307
2021 1 7 3 151
2021 1 7 4 170
2021 1 7 4 34
2021 1 8 1 289
2021 1 8 6 386
2021 1 9 2 212
2021 1 9 3 251
2021 1 9 5 109
2021 1 10 3 462
2021 1 10 3 235
2021 1 10 4 483
2021 1 11 2 408
2021 1 11 2 475
2021 1 11 4 285
2021 1 12 3 440
2021 1 12 5 218
2021 1 12 5 105
2021 1 12 6 86
2021 1 13 1 128
2021 1 13 2 466
2021 1 13 3 195
2021 1 13 4 376
2021 1 13 4 374
2021 1 13 4 298
2021 1 14 1 118
2021 1 14 6 500
2021 1 14 6 421
2021 1 15 3 405
2021 1 15 3 321
2021 1 15 6 61
2021 1 15 6 108
2021 1 16 1 182
2021 1 16 2 50
2021 1 16 3 261
2021 1 16 3 295
2021 1 16 6 62
2021 1 17 1 238
2021 1 17 5 110
2021 1 17 5 330
2021 1 18 1 194
2021 1 18 2 276
2021 1 18 2 376
2021 1 18 4 172
2021 1 19 3 271
2021 1 19 4 195
2021 1 19 5 187
2021 1 20 5 73
2021 1 21 1 432
2021 1 21 2 259
2021 1 21 2 476
2021 1 21 3 163
2021 1 22 4 462
2021 1 22 4 444
2021 1 22 4 333
2021 1 22 6 112
2021 1 22 6 316
2021 1 23 3 461
2021 1 24 3 231
2021 1 24 4 493
2021 1 24 5 412
2021 1 25 3 352
2021 1 26 1 313
2021 1 26 3 269
2021 1 26 4 106
2021 1 27 2 189
2021 1 27 3 140
2021 1 28 3 342
2021 1 28 4 216
2021 2 1 3 90
2021 2 1 6 473
2021 2 2 1 354
2021 2 2 1 130
2021 2 4 3 375
2021 2 4 4 214
2021 2 4 5 378
2021 2 4 6 290
2021 2 4 6 416
2021 2 5 1 463
2021 2 5 1 255
2021 2 5 1 479
2021 2 5 2 240
2021 2 6 4 59
2021 2 6 5 409
2021 2 7 1 138
2021 2 7 1 35
2021 2 7 2 447
2021 2 7 4 314
2021 2 7 4 131
2021 2 7 5 194
2021 2 8 1 252
2021 2 8 5 51
2021 2 8 5 228
2021 2 9 6 280
2021 2 9 6 444
2021 2 10 2 63
2021 2 10 3 150
2021 2 10 3 327
2021 2 10 5 266
2021 2 12 1 488
2021 2 12 2 264
2021 2 12 5 478
2021 2 13 4 289
2021 2 13 4 495
2021 2 13 4 313
2021 2 13 5 299
2021 2 14 2 123
2021 2 14 2 71
2021 2 15 2 171
2021 2 15 2 107
2021 2 16 2 185
2021 2 16 2 346
2021 2 16 6 465
2021 2 16 6 288
2021 2 17 3 50
2021 2 17 5 248
2021 2 18 2 147
2021 2 18 3 384
2021 2 18 5 61
2021 2 18 5 455
2021 2 19 3 484
2021 2 19 5 394
2021 2 20 1 401
2021 2 20 3 374
2021 2 20 4 172
2021 2 21 2 30
2021 2 21 4 50
2021 2 22 1 31
2021 2 22 3 280
2021 2 22 5 131
2021 2 22 5 486
2021 2 22 6 323
2021 2 22 6 419
2021 2 23 5 130
2021 2 23 6 496
2021 2 24 1 247
2021 2 25 1 339
2021 2 25 4 479
2021 2 26 1 58
2021 2 26 4 48
2021 2 26 5 151
2021 2 27 1 107
2021 2 27 1 208
2021 2 27 1 181
2021 2 27 3 120
2021 2 27 5 216
2021 2 28 1 265
2021 2 28 6 216
2021 2 28 6 160
2021 2 28 6 137
2021 3 1 4 43
2021 3 1 6 70
2021 3 1 6 310
2021 3 2 5 42
2021 3 2 6 41
2021 3 2 6 361
2021 3 3 1 395
2021 3 3 2 485
2021 3 3 3 114
2021 3 4 1 274
2021 3 4 2 83
2021 3 4 5 83
2021 3 4 6 194
2021 3 5 3 128
2021 3 6 5 477
2021 3 6 6 375
2021 3 7 2 125
2021 3 7 2 57
2021 3 7 3 290
2021 3 7 3 47
2021 3 7 5 45
2021 3 7 6 177
2021 3 8 1 313
2021 3 8 4 212
2021 3 8 5 495
2021 3 8 6 209
2021 3 9 4 129
2021 3 9 4 271
2021 3 9 5 484
2021 3 9 6 171
2021 3 10 4 341
2021 3 10 5 476
2021 3 12 1 250
2021 3 12 2 308
2021 3 12 6 254
2021 3 13 1 117
2021 3 13 1 157
2021 3 13 3 280
2021 3 13 4 250
2021 3 14 2 333
2021 3 14 2 271
2021 3 14 4 169
2021 3 14 4 493
2021 3 15 1 473
2021 3 15 4 267
2021 3 15 5 330
2021 3 15 6 392
2021 3 16 3 136
2021 3 16 5 140
2021 3 16 6 385
2021 3 17 5 452
2021 3 17 6 88
2021 3 19 2 305
2021 3 19 5 86
2021 3 20 1 182
2021 3 20 5 130
2021 3 20 5 30
2021 3 20 6 370
2021 3 21 1 86
2021 3 21 1 282
2021 3 21 1 258
2021 3 21 2 496
2021 3 21 5 493
2021 3 21 6 264
2021 3 21 6 88
2021 3 22 1 375
2021 3 22 2 64
2021 3 22 2 306
2021 3 22 3 408
2021 3 22 3 257
2021 3 23 4 149
2021 3 24 2 416
2021 3 24 3 166
2021 3 24 3 196
2021 3 24 6 115
2021 3 25 4 67
2021 3 25 4 384
2021 3 26 6 166
2021 3 27 2 328
2021 4 1 3 136
2021 4 1 3 491
2021 4 1 4 393
2021 4 2 1 241
2021 4 2 1 221
2021 4 2 2 226
2021 4 2 2 435
2021 4 2 4 469
2021 4 2 4 157
2021 4 3 1 418
2021 4 3 2 151
2021 4 3 5 283
2021 4 4 1 423
2021 4 4 1 118
2021 4 4 3 243
2021 4 4 3 345
2021 4 4 3 392
2021 4 5 1 124
2021 4 5 5 62
2021 4 5 6 377
2021 4 6 2 171
2021 4 6 4 234
2021 4 6 5 131
2021 4 7 1 467
2021 4 7 3 453
2021 4 7 3 268
2021 4 7 3 151
2021 4 8 1 413
2021 4 8 2 232
2021 4 8 2 314
2021 4 8 5 116
2021 4 8 5 229
2021 4 9 3 95
2021 4 9 4 309
2021 4 9 5 422
2021 4 9 5 175
2021 4 9 5 192
2021 4 9 6 276
2021 4 10 2 306
2021 4 10 3 130
2021 4 10 4 353
2021 4 10 5 397
2021 4 11 1 343
2021 4 11 1 430
2021 4 11 1 224
2021 4 11 4 342
2021 4 12 1 120
2021 4 12 3 260
2021 4 13 4 137
2021 4 13 4 461
2021 4 13 6 456
2021 4 14 3 397
2021 4 14 3 428
2021 4 14 3 325
2021 4 14 6 131
2021 4 14 6 397
2021 4 15 1 478
2021 4 15 4 141
2021 4 16 1 482
2021 4 17 2 196
2021 4 18 4 444
2021 4 19 5 263
2021 4 20 1 270
2021 4 20 2 391
2021 4 20 5 381
2021 4 21 1 315
2021 4 21 5 248
2021 4 21 6 90
2021 4 22 1 169
2021 4 22 3 304
2021 4 22 3 437
2021 4 22 3 434
2021 4 22 6 480
2021 4 23 2 370
2021 4 23 2 308
2021 4 23 2 408
2021 4 24 1 212
2021 4 24 4 384
2021 4 24 5 38
2021 4 24 5 342
2021 4 24 5 211
2021 4 25 4 354
2021 4 26 3 405
2021 4 26 4 428
2021 4 27 2 326
2021 4 28 4 451
2021 4 28 4 378
2021 4 28 5 430
2021 4 28 5 337
2021 4 28 5 237
2021 5 1 1 40
2021 5 1 1 341
2021 5 1 4 332
2021 5 1 5 326
2021 5 3 1 450
2021 5 3 1 306
2021 5 3 2 256
2021 5 3 5 466
2021 5 4 1 281
2021 5 4 2 114
2021 5 4 4 34
2021 5 5 2 41
2021 5 5 3 51
2021 5 5 5 472
2021 5 6 2 303
2021 5 6 2 298
2021 5 6 4 253
2021 5 7 1 300
2021 5 7 2 382
2021 5 8 1 236
2021 5 8 3 266
2021 5 8 3 260
2021 5 8 6 181
2021 5 9 3 174
2021 5 9 4 313
2021 5 9 4 151
2021 5 11 1 163
2021 5 11 1 178
2021 5 11 1 195
2021 5 11 5 307
2021 5 11 6 362
2021 5 12 2 198
2021 5 12 3 267
2021 5 12 6 126
2021 5 12 6 344
2021 5 13 3 300
2021 5 13 4 55
2021 5 13 5 122
2021 5 14 2 226
2021 5 14 2 208
2021 5 14 3 50
2021 5 14 6 460
2021 5 15 2 281
2021 5 15 4 238
2021 5 15 5 99
2021 5 16 3 84
2021 5 16 3 336
2021 5 17 1 422
2021 5 17 1 436
2021 5 17 1 471
2021 5 17 2 135
2021 5 18 2 145
2021 5 18 4 435
2021 5 18 5 97
2021 5 19 1 60
2021 5 19 1 74
2021 5 19 1 320
2021 5 19 4 423
2021 5 20 2 132
2021 5 21 2 293
2021 5 21 4 237
2021 5 22 2 336
2021 5 22 5 294
2021 5 22 6 307
2021 5 23 2 191
2021 5 23 3 405
2021 5 23 6 240
2021 5 23 6 396
2021 5 24 1 347
2021 5 24 2 437
2021 5 24 4 351
2021 5 25 3 84
2021 5 25 5 333
2021 5 25 6 368
2021 5 26 1 437
2021 5 26 5 166
2021 5 26 6 392
2021 5 27 3 244
2021 5 27 4 354
2021 5 27 5 470
2021 5 27 5 108
2021 5 28 3 461
2021 5 28 5 75
2021 6 1 5 254
2021 6 1 5 115
2021 6 2 2 45
2021 6 2 2 52
2021 6 2 3 67
2021 6 2 3 218
2021 6 2 3 30
2021 6 2 6 178
2021 6 3 1 130
2021 6 3 2 393
2021 6 3 4 478
2021 6 3 6 353
2021 6 3 6 278
2021 6 3 6 209
2021 6 5 6 180
2021 6 6 6 239
2021 6 7 1 281
2021 6 7 6 108
2021 6 8 1 104
2021 6 8 2 297
2021 6 8 3 330
2021 6 9 3 457
2021 6 9 6 345
2021 6 10 1 107
2021 6 10 4 345
2021 6 10 4 248
2021 6 10 6 468
2021 6 10 6 305
2021 6 11 1 315
2021 6 11 3 40
2021 6 11 5 140
2021 6 11 6 339
2021 6 12 1 293
2021 6 12 2 64
2021 6 13 1 396
2021 6 13 2 190
2021 6 13 3 436
2021 6 13 4 330
2021 6 13 5 34
2021 6 14 1 334
2021 6 14 1 147
2021 6 14 3 88
2021 6 14 4 407
2021 6 14 5 55
2021 6 14 6 373
2021 6 15 2 357
2021 6 15 3 254
2021 6 16 1 318
2021 6 16 1 418
2021 6 16 2 143
2021 6 16 4 456
2021 6 17 1 255
2021 6 17 6 112
2021 6 17 6 402
2021 6 18 2 157
2021 6 18 3 261
2021 6 18 5 210
2021 6 19 1 299
2021 6 19 1 437
2021 6 19 6 230
2021 6 21 4 202
2021 6 22 1 414
2021 6 22 1 289
2021 6 22 4 116
2021 6 22 4 74
2021 6 22 4 183
2021 6 22 5 418
2021 6 22 6 299
2021 6 22 6 217
2021 6 23 2 183
2021 6 23 3 469
2021 6 23 4 358
2021 6 23 4 460
2021 6 24 2 380
2021 6 24 5 74
2021 6 24 5 331
2021 6 24 6 496
2021 6 25 1 444
2021 6 25 5 238
2021 6 26 3 300
2021 6 27 2 230
2021 6 27 2 374
2021 6 27 3 468
2021 6 27 4 132
2021 6 28 3 40
2021 6 28 4 377
2021 7 1 1 269
2021 7 1 5 100
2021 7 1 6 365
2021 7 2 1 78
2021 7 2 1 408
2021 7 2 4 210
2021 7 3 3 294
2021 7 3 4 458
2021 7 3 5 312
2021 7 3 6 286
2021 7 4 3 44
2021 7 4 3 239
2021 7 4 5 90
2021 7 4 6 125
2021 7 5 3 42
2021 7 5 5 367
2021 7 6 1 316
2021 7 6 2 405
2021 7 6 3 421
2021 7 6 4 457
2021 7 6 5 304
2021 7 6 6 436
2021 7 7 3 228
2021 7 8 4 145
2021 7 8 4 293
2021 7 9 2 34
2021 7 9 2 412
2021 7 9 3 468
2021 7 10 2 186
2021 7 10 2 128
2021 7 10 4 40
2021 7 10 5 39
2021 7 10 5 461
2021 7 11 2 271
2021 7 11 2 332
2021 7 12 3 227
2021 7 12 3 145
2021 7 12 3 142
2021 7 12 3 87
2021 7 12 5 374
2021 7 12 5 318
2021 7 12 5 457
2021 7 12 6 457
2021 7 12 6 197
2021 7 13 3 78
2021 7 13 4 273
2021 7 14 4 60
2021 7 14 5 296
2021 7 14 5 377
2021 7 15 3 461
2021 7 15 3 112
2021 7 15 4 349
2021 7 15 6 452
2021 7 16 4 114
2021 7 16 4 166
2021 7 17 1 179
2021 7 17 2 346
2021 7 17 3 484
2021 7 19 1 289
2021 7 20 1 190
2021 7 20 1 55
2021 7 20 2 398
2021 7 21 2 472
2021 7 21 2 40
2021 7 21 4 492
2021 7 21 4 119
2021 7 21 5 479
2021 7 22 3 418
2021 7 22 5 262
2021 7 23 1 45
2021 7 23 1 32
2021 7 24 2 260
2021 7 24 6 96
2021 7 25 2 234
2021 7 26 2 431
2021 7 26 4 297
2021 7 27 3 353
2021 7 27 6 270
2021 7 28 5 438
2021 8 1 4 191
2021 8 1 6 358
2021 8 2 3 166
2021 8 3 3 298
2021 8 3 6 141
2021 8 4 2 482
2021 8 4 5 57
2021 8 4 5 97
2021 8 4 6 444
2021 8 5 2 227
2021 8 5 6 106
2021 8 6 4 77
2021 8 7 2 342
2021 8 7 3 217
2021 8 7 4 377
2021 8 7 5 291
2021 8 8 2 175
2021 8 8 3 67
2021 8 9 2 137
2021 8 9 4 223
2021 8 9 4 383
2021 8 9 5 100
2021 8 9 5 140
2021 8 9 6 54
2021 8 10 1 249
2021 8 10 2 74
2021 8 10 2 413
2021 8 10 3 234
2021 8 10 4 207
2021 8 10 4 371
2021 8 11 1 335
2021 8 11 3 122
2021 8 11 3 76
2021 8 12 1 333
2021 8 12 1 101
2021 8 12 2 207
2021 8 12 3 70
2021 8 12 5 257
2021 8 12 5 127
2021 8 12 6 470
2021 8 12 6 349
2021 8 14 1 125
2021 8 14 3 373
2021 8 14 6 453
2021 8 15 1 281
2021 8 15 2 89
2021 8 16 2 339
2021 8 16 2 263
2021 8 16 2 427
2021 8 16 3 358
2021 8 16 6 99
2021 8 17 5 155
2021 8 17 6 70
2021 8 18 1 254
2021 8 18 1 116
2021 8 18 2 173
2021 8 18 2 79
2021 8 18 3 326
2021 8 18 3 433
2021 8 19 1 398
2021 8 19 3 359
2021 8 19 4 405
2021 8 19 4 220
2021 8 21 2 287
2021 8 21 3 389
2021 8 21 5 231
2021 8 22 4 447
2021 8 22 6 132
2021 8 22 6 120
2021 8 23 1 352
2021 8 23 2 117
2021 8 23 6 139
2021 8 23 6 411
2021 8 24 5 129
2021 8 24 6 488
2021 8 25 1 452
2021 8 25 4 338
2021 8 26 2 486
2021 8 27 0 1
2021 8 27 3 170
2021 8 27 4 96
2021 8 28 1 485
2021 8 28 2 105
2021 8 28 4 426
2021 8 30 0 1
2021 9 1 4 323
2021 9 1 5 69
2021 9 1 5 472
2021 9 2 1 213
2021 9 2 1 72
2021 9 2 2 280
2021 9 2 2 369
2021 9 2 6 374
2021 9 2 6 111
2021 9 3 6 106
2021 9 4 1 358
2021 9 4 2 85
2021 9 4 4 336
2021 9 4 6 112
2021 9 4 6 178
2021 9 5 1 366
2021 9 5 4 37
2021 9 5 4 447
2021 9 6 3 77
2021 9 6 3 474
2021 9 6 3 359
2021 9 6 3 216
2021 9 6 4 48
2021 9 7 2 33
2021 9 7 4 206
2021 9 7 4 414
2021 9 7 6 190
2021 9 8 3 470
2021 9 8 3 182
2021 9 8 5 262
2021 9 8 6 461
2021 9 9 4 52
2021 9 9 4 262
2021 9 9 5 139
2021 9 9 6 207
2021 9 10 2 335
2021 9 10 4 307
2021 9 11 1 50
2021 9 11 2 116
2021 9 11 4 135
2021 9 11 6 403
2021 9 13 4 237
2021 9 14 3 218
2021 9 14 4 423
2021 9 15 1 492
2021 9 15 2 335
2021 9 15 4 201
2021 9 16 1 360
2021 9 16 3 199
2021 9 17 3 495
2021 9 17 3 200
2021 9 17 3 446
2021 9 17 6 114
2021 9 18 3 92
2021 9 18 4 394
2021 9 19 1 492
2021 9 19 2 360
2021 9 19 2 107
2021 9 19 4 260
2021 9 19 6 114
2021 9 20 1 412
2021 9 20 3 357
2021 9 20 6 96
2021 9 21 2 262
2021 9 22 1 65
2021 9 22 4 255
2021 9 22 6 140
2021 9 23 4 235
2021 9 24 2 472
2021 9 24 4 295
2021 9 25 2 54
2021 9 25 4 212
2021 9 25 6 321
2021 9 26 3 131
2021 9 26 4 319
2021 9 26 6 237
2021 9 27 6 306
2021 9 28 3 458
2021 9 28 3 440
2021 9 28 5 206
2021 10 1 2 482
2021 10 1 3 337
2021 10 1 3 279
2021 10 1 6 102
2021 10 1 6 31
2021 10 2 1 213
2021 10 2 1 331
2021 10 2 3 389
2021 10 2 4 65
2021 10 2 5 329
2021 10 2 6 325
2021 10 2 6 77
2021 10 3 1 328
2021 10 3 5 431
2021 10 3 5 39
2021 10 4 1 407
2021 10 4 2 240
2021 10 4 4 82
2021 10 5 2 447
2021 10 5 3 109
2021 10 5 4 335
2021 10 5 4 35
2021 10 5 6 250
2021 10 5 6 202
2021 10 6 3 258
2021 10 6 5 201
2021 10 6 5 390
2021 10 6 6 58
2021 10 8 3 242
2021 10 8 6 158
2021 10 9 4 412
2021 10 9 5 146
2021 10 9 6 382
2021 10 10 4 173
2021 10 11 5 472
2021 10 11 5 213
2021 10 11 5 299
2021 10 11 5 286
2021 10 11 5 37
2021 10 12 6 160
2021 10 13 2 319
2021 10 13 3 265
2021 10 13 4 414
2021 10 13 4 201
2021 10 14 3 267
2021 10 14 4 301
2021 10 14 6 296
2021 10 15 4 48
2021 10 16 2 103
2021 10 16 3 210
2021 10 16 4 183
2021 10 16 5 38
2021 10 18 1 382
2021 10 19 1 135
2021 10 19 1 191
2021 10 19 1 117
2021 10 19 3 173
2021 10 19 6 167
2021 10 20 5 435
2021 10 21 2 200
2021 10 21 3 91
2021 10 21 3 118
2021 10 22 2 500
2021 10 22 2 232
2021 10 22 2 33
2021 10 23 1 341
2021 10 23 1 264
2021 10 23 1 78
2021 10 23 2 37
2021 10 23 3 49
2021 10 23 6 31
2021 10 24 4 202
2021 10 24 5 49
2021 10 25 1 138
2021 10 25 2 91
2021 10 25 4 101
2021 10 25 5 469
2021 10 25 5 35
2021 10 26 1 315
2021 10 26 4 177
2021 10 26 5 52
2021 10 27 2 162
2021 10 27 3 463
2021 10 27 6 464
2021 10 28 4 310
2021 10 28 4 148
2021 11 3 1 335
2021 11 4 1 154
2021 11 4 2 335
2021 11 4 2 160
2021 11 4 4 385
2021 11 4 5 403
2021 11 4 5 447
2021 11 5 1 417
2021 11 5 4 373
2021 11 6 2 445
2021 11 6 3 218
2021 11 6 3 490
2021 11 6 3 228
2021 11 7 4 313
2021 11 8 2 111
2021 11 8 5 160
2021 11 8 5 202
2021 11 9 1 311
2021 11 9 4 332
2021 11 9 4 301
2021 11 9 4 131
2021 11 10 1 168
2021 11 10 2 245
2021 11 10 2 412
2021 11 10 5 97
2021 11 11 2 475
2021 11 11 3 125
2021 11 11 6 69
2021 11 12 2 52
2021 11 13 2 374
2021 11 13 3 306
2021 11 13 4 54
2021 11 13 6 337
2021 11 14 4 220
2021 11 14 5 297
2021 11 14 6 420
2021 11 15 6 312
2021 11 15 6 287
2021 11 16 1 284
2021 11 16 1 54
2021 11 16 3 467
2021 11 16 4 272
2021 11 16 4 69
2021 11 16 5 280
2021 11 17 1 477
2021 11 17 3 435
2021 11 18 3 397
2021 11 19 3 187
2021 11 19 4 448
2021 11 19 6 426
2021 11 20 1 278
2021 11 20 3 348
2021 11 20 4 165
2021 11 20 6 361
2021 11 21 2 39
2021 11 21 2 470
2021 11 21 3 68
2021 11 21 5 110
2021 11 21 6 409
2021 11 22 4 436
2021 11 22 5 317
2021 11 23 1 107
2021 11 23 5 403
2021 11 23 6 449
2021 11 24 2 391
2021 11 24 4 223
2021 11 27 2 90
2021 11 27 2 315
2021 11 27 3 46
2021 11 27 3 428
2021 11 27 5 73
2021 11 27 5 457
2021 11 28 1 322
2021 11 28 6 233
2021 12 1 2 63
2021 12 1 4 327
2021 12 1 4 369
2021 12 1 4 432
2021 12 2 3 322
2021 12 2 3 274
2021 12 2 4 473
2021 12 2 4 41
2021 12 2 6 191
2021 12 3 2 201
2021 12 3 3 176
2021 12 3 5 328
2021 12 4 3 381
2021 12 4 6 60
2021 12 5 2 485
2021 12 5 4 130
2021 12 5 5 367
2021 12 5 5 475
2021 12 6 1 93
2021 12 6 1 138
2021 12 7 2 312
2021 12 8 5 242
2021 12 9 2 483
2021 12 9 3 162
2021 12 9 3 473
2021 12 9 4 236
2021 12 9 4 206
2021 12 9 5 278
2021 12 10 1 179
2021 12 10 3 264
2021 12 10 3 495
2021 12 10 5 96
2021 12 11 5 429
2021 12 11 5 207
2021 12 11 5 438
2021 12 12 2 472
2021 12 12 3 78
2021 12 12 4 93
2021 12 12 5 165
2021 12 12 5 172
2021 12 12 6 360
2021 12 13 1 461
2021 12 13 1 371
2021 12 13 4 433
2021 12 13 4 51
2021 12 14 1 187
2021 12 14 3 239
2021 12 14 5 262
2021 12 14 6 77
2021 12 14 6 74
2021 12 15 5 423
2021 12 16 1 38
2021 12 16 3 118
2021 12 17 2 210
2021 12 17 3 408
2021 12 17 6 367
2021 12 18 1 129
2021 12 18 1 348
2021 12 18 2 167
2021 12 18 2 387
2021 12 18 5 467
2021 12 18 6 457
2021 12 18 6 165
2021 12 19 1 217
2021 12 19 2 340
2021 12 19 3 134
2021 12 19 3 352
2021 12 19 3 492
2021 12 20 2 320
2021 12 20 5 141
2021 12 21 3 132
2021 12 22 4 322
2021 12 22 4 299
2021 12 22 6 111
2021 12 23 4 366
2021 12 23 5 89
2021 12 24 5 153
2021 12 24 6 432
2021 12 25 1 242
2021 12 25 3 432
2021 12 25 3 404
2021 12 26 1 439
2021 12 26 2 130
2021 12 26 3 245
2021 12 26 6 163
2021 12 27 1 63
2021 12 27 4 280
2021 12 27 6 59
2021 12 28 2 186
2021 12 28 2 243
2021 12 28 3 367
2021 12 28 6 161
